186	0	0	0.00213997	27.8592
187	0	0	0.662625	27.8592
188	0	0	0.00213997	27.8592
189	0	0	0.662625	27.8592
190	0.659163	0	0.00213997	27.8592
191	0	0	0.00213997	27.8592
192	0	0	0.00213997	27.8592
193	64.6999	40	0.00213997	27.8592
194	63.1264	40	2.64408	27.8592
195	59.2379	40	6.60699	28.348
196	54.0136	40	11.2304	28.348
197	48.4772	40	15.8538	28.8368
198	44.7654	40	19.1562	29.3255
199	39.7624	40	23.1191	29.8143
200	35.5602	40	26.4215	30.303
201	31.135	40	29.7239	30.303
202	27.5553	40	32.3659	30.7918
203	24.8656	40	34.3473	30.7918
204	22.0422	40	36.3288	30.7918
205	20.1533	40	37.6498	30.7918
206	20.312	40	37.6498	30.7918
207	19.4023	40	38.3102	30.7918
208	19.5163	40	38.3102	31.2805
209	19.6304	40	38.3102	31.2805
210	19.7445	40	38.3102	31.2805
211	19.8585	40	38.3102	31.2805
212	21.0409	40	37.6498	31.2805
213	21.1995	40	37.6498	31.2805
214	20.2899	40	38.3102	31.2805
215	20.4039	40	38.3102	31.7693
216	20.518	40	38.3102	31.7693
217	21.7004	40	37.6498	31.7693
218	21.859	40	37.6498	31.7693
219	22.0176	40	37.6498	31.7693
220	21.1079	40	38.3102	31.7693
221	21.222	40	38.3102	31.7693
222	21.3361	40	38.3102	31.7693
223	20.3818	40	38.9707	31.7693
224	20.4513	40	38.9707	31.7693
225	21.5891	40	38.3102	31.7693
226	20.6348	40	38.9707	31.7693
227	20.7043	40	38.9707	31.7693
228	20.7738	40	38.9707	31.7693
229	20.8432	40	38.9707	31.7693
230	20.9127	40	38.9707	31.7693
231	20.9822	40	38.9707	31.7693
232	22.12	40	38.3102	31.7693
233	21.1657	40	38.9707	31.7693
234	21.2352	40	38.9707	31.7693
235	21.3047	40	38.9707	32.2581
236	21.3741	40	38.9707	32.2581
237	21.4436	40	38.9707	32.2581
238	20.4448	40	39.6312	32.2581
239	21.538	40	38.9707	32.2581
240	20.5391	40	39.6312	32.2581
241	21.6324	40	38.9707	32.2581
242	21.7018	40	38.9707	32.2581
243	20.703	40	39.6312	32.2581
244	20.7279	40	39.6312	32.2581
245	20.7528	40	39.6312	32.2581
246	21.846	40	38.9707	32.2581
247	20.8471	40	39.6312	32.2581
248	20.872	40	39.6312	32.2581
249	20.8969	40	39.6312	32.2581
250	21.9901	40	38.9707	32.2581
251	20.9913	40	39.6312	32.2581
252	21.0162	40	39.6312	32.2581
253	21.0411	40	39.6312	32.2581
254	21.066	40	39.6312	32.2581
255	21.0909	40	39.6312	32.2581
256	21.1158	40	39.6312	32.2581
257	21.1406	40	39.6312	32.2581
258	21.1655	40	39.6312	32.2581
259	21.1904	40	39.6312	32.2581
260	21.2153	40	39.6312	32.2581
261	21.2402	40	39.6312	32.2581
262	21.2651	40	39.6312	32.2581
263	21.29	40	39.6312	32.7468
264	21.3149	40	39.6312	33.7243
265	21.3398	40	39.6312	34.2131
266	21.3647	40	39.6312	34.7019
267	21.3896	40	39.6312	35.1906
268	21.4145	40	39.6312	35.6794
269	20.371	40	40.2917	35.6794
270	21.4197	40	39.6312	36.1681
271	21.4446	40	39.6312	36.6569
272	21.4695	40	39.6312	37.1457
273	21.4944	40	39.6312	37.1457
274	20.4509	40	40.2917	37.6344
275	20.4312	40	40.2917	37.6344
276	21.4799	40	39.6312	38.1232
277	21.5048	40	39.6312	38.1232
278	20.4613	40	40.2917	38.6119
279	21.51	40	39.6312	38.6119
280	21.5349	40	39.6312	38.6119
281	21.5598	40	39.6312	39.1007
282	21.5846	40	39.6312	39.1007
283	20.5412	40	40.2917	39.1007
284	20.5215	40	40.2917	39.5894
285	20.5018	40	40.2917	39.5894
286	21.5505	40	39.6312	39.5894
287	21.5754	40	39.6312	40.0782
288	21.6003	40	39.6312	40.0782
289	21.6251	40	39.6312	40.567
290	21.65	40	39.6312	40.567
291	21.6749	40	39.6312	40.567
292	20.6315	40	40.2917	40.567
293	21.6801	40	39.6312	40.567
294	21.705	40	39.6312	40.567
295	21.7299	40	39.6312	41.0557
296	21.7548	40	39.6312	41.0557
297	21.7797	40	39.6312	41.5445
298	20.7363	40	40.2917	41.5445
299	20.7166	40	40.2917	41.5445
300	20.6969	40	40.2917	42.0332
301	20.6772	40	40.2917	42.0332
302	20.6575	40	40.2917	42.0332
303	21.7062	40	39.6312	42.0332
304	21.7311	40	39.6312	42.0332
305	21.7559	40	39.6312	42.522
306	20.7125	40	40.2917	42.522
307	21.7611	40	39.6312	42.522
308	20.7177	40	40.2917	43.0108
309	20.698	40	40.2917	43.0108
310	20.6783	40	40.2917	43.0108
311	20.6586	40	40.2917	43.4995
312	21.7073	40	39.6312	43.4995
313	21.7322	40	39.6312	43.4995
314	20.6887	40	40.2917	43.4995
315	20.669	40	40.2917	43.9883
316	20.6494	40	40.2917	43.9883
317	20.6297	40	40.2917	43.9883
318	20.61	40	40.2917	43.9883
319	20.5903	40	40.2917	43.4995
320	21.6389	40	39.6312	43.4995
321	21.6638	40	39.6312	43.4995
322	21.6887	40	39.6312	43.4995
323	20.6453	40	40.2917	43.9883
324	21.6939	40	39.6312	43.9883
325	20.6505	40	40.2917	43.9883
326	20.6308	40	40.2917	43.9883
327	20.6111	40	40.2917	43.9883
328	20.5914	40	40.2917	43.9883
329	20.5717	40	40.2917	43.9883
330	20.552	40	40.2917	44.477
331	21.6007	40	39.6312	44.477
332	21.6256	40	39.6312	44.9658
333	21.6505	40	39.6312	44.9658
334	21.6754	40	39.6312	44.9658
335	20.6319	40	40.2917	44.9658
336	20.6122	40	40.2917	44.9658
337	20.5925	40	40.2917	44.9658
338	20.5728	40	40.2917	44.9658
339	21.6215	40	39.6312	44.9658
340	21.6464	40	39.6312	44.9658
341	20.6029	40	40.2917	44.9658
342	21.6516	40	39.6312	45.4545
343	20.6082	40	40.2917	44.9658
344	21.6568	40	39.6312	44.9658
345	20.6134	40	40.2917	45.4545
346	20.5937	40	40.2917	45.4545
347	20.574	40	40.2917	45.4545
348	20.5543	40	40.2917	45.9433
349	21.6029	40	39.6312	45.9433
350	20.5595	40	40.2917	45.9433
351	21.6081	40	39.6312	45.9433
352	21.633	40	39.6312	45.9433
353	21.6579	40	39.6312	45.9433
354	20.6145	40	40.2917	45.9433
355	21.6631	40	39.6312	45.9433
356	20.6197	40	40.2917	45.4545
357	20.6	40	40.2917	45.4545
358	20.5803	40	40.2917	45.4545
359	21.6289	40	39.6312	45.4545
360	20.5855	40	40.2917	45.9433
361	20.5658	40	40.2917	45.9433
362	21.6145	40	39.6312	45.9433
363	21.6394	40	39.6312	45.9433
364	21.6642	40	39.6312	45.9433
365	21.6891	40	39.6312	45.9433
366	20.6457	40	40.2917	45.9433
367	20.626	40	40.2917	45.9433
368	20.6063	40	40.2917	46.4321
369	20.5866	40	40.2917	46.4321
370	20.5669	40	40.2917	46.4321
371	20.5473	40	40.2917	45.9433
372	21.5959	40	39.6312	45.9433
373	21.6208	40	39.6312	44.9658
374	20.5774	40	40.2917	43.0108
375	21.626	40	39.6312	42.0332
376	20.5826	40	40.2917	41.0557
377	21.6312	40	39.6312	40.567
378	20.5878	40	40.2917	39.5894
379	20.5681	40	40.2917	39.1007
380	21.6167	40	39.6312	38.6119
381	21.6416	40	39.6312	38.1232
382	20.5982	40	40.2917	37.6344
383	21.6468	40	39.6312	37.1457
384	20.6034	40	40.2917	37.1457
385	20.5837	40	40.2917	36.6569
386	20.564	40	40.2917	36.6569
387	21.6126	40	39.6312	36.1681
388	21.6375	40	39.6312	36.1681
389	21.6624	40	39.6312	35.6794
390	20.619	40	40.2917	35.6794
391	21.6676	40	39.6312	35.6794
392	21.6925	40	39.6312	35.1906
393	20.6491	40	40.2917	35.1906
394	20.6294	40	40.2917	34.7019
395	21.678	40	39.6312	34.7019
396	21.7029	40	39.6312	34.2131
397	21.7278	40	39.6312	34.2131
398	20.6844	40	40.2917	34.2131
399	20.6647	40	40.2917	34.2131
400	21.7133	40	39.6312	34.2131
401	21.7382	40	39.6312	34.2131
402	20.6948	40	40.2917	33.7243
403	20.6751	40	40.2917	33.7243
404	20.6554	40	40.2917	33.7243
405	21.7041	40	39.6312	33.7243
406	20.6606	40	40.2917	33.7243
407	21.7093	40	39.6312	33.2356
408	20.6658	40	40.2917	33.2356
409	20.6461	40	40.2917	33.2356
410	20.6264	40	40.2917	33.2356
411	20.6067	40	40.2917	33.2356
412	21.6554	40	39.6312	33.2356
413	21.6803	40	39.6312	33.2356
414	20.6368	40	40.2917	33.2356
415	21.6855	40	39.6312	33.2356
416	21.7104	40	39.6312	33.2356
417	20.6669	40	40.2917	33.2356
418	20.6472	40	40.2917	33.2356
419	20.6276	40	40.2917	33.7243
420	20.6079	40	40.2917	33.7243
421	20.5882	40	40.2917	33.7243
422	21.6368	40	39.6312	33.2356
423	20.5934	40	40.2917	33.2356
424	21.642	40	39.6312	33.2356
425	20.5986	40	40.2917	33.2356
426	20.5789	40	40.2917	33.2356
427	21.6275	40	39.6312	33.2356
428	21.6524	40	39.6312	33.2356
429	20.609	40	40.2917	33.2356
430	21.6576	40	39.6312	33.2356
431	20.6142	40	40.2917	33.2356
432	20.5945	40	40.2917	33.2356
433	21.6432	40	39.6312	33.2356
434	21.668	40	39.6312	33.2356
435	21.6929	40	39.6312	33.2356
436	20.6495	40	40.2917	33.2356
437	20.6298	40	40.2917	33.2356
438	21.6785	40	39.6312	33.2356
439	20.635	40	40.2917	33.2356
440	20.6153	40	40.2917	33.2356
441	21.664	40	39.6312	33.2356
442	20.6205	40	40.2917	33.2356
443	20.6008	40	40.2917	33.2356
444	21.6495	40	39.6312	33.2356
445	20.606	40	40.2917	33.2356
446	20.5864	40	40.2917	33.2356
447	21.635	40	39.6312	33.7243
448	21.6599	40	39.6312	34.2131
449	21.6848	40	39.6312	34.2131
450	20.6413	40	40.2917	34.7019
451	20.6217	40	40.2917	34.7019
452	20.602	40	40.2917	34.7019
453	21.6506	40	39.6312	35.1906
454	20.6072	40	40.2917	35.1906
455	21.6558	40	39.6312	35.1906
456	20.6124	40	40.2917	34.7019
457	20.5927	40	40.2917	34.7019
458	21.6413	40	39.6312	35.1906
459	21.6662	40	39.6312	35.1906
460	20.6228	40	40.2917	35.1906
461	20.6031	40	40.2917	35.1906
462	20.5834	40	40.2917	35.1906
463	21.632	40	39.6312	35.1906
464	21.6569	40	39.6312	35.1906
465	21.6818	40	39.6312	35.1906
466	20.6384	40	40.2917	35.1906
467	21.687	40	39.6312	35.1906
468	20.6436	40	40.2917	35.1906
469	21.6922	40	39.6312	35.1906
470	20.6488	40	40.2917	35.1906
471	20.6291	40	40.2917	35.1906
472	20.6094	40	40.2917	35.1906
473	20.5897	40	40.2917	35.1906
474	21.6384	40	39.6312	35.6794
475	20.5949	40	40.2917	35.6794
476	20.5752	40	40.2917	35.6794
477	20.5556	40	40.2917	35.6794
478	21.6042	40	39.6312	35.6794
479	21.6291	40	39.6312	35.6794
480	20.5857	40	40.2917	36.1681
481	21.6343	40	39.6312	36.1681
482	21.6592	40	39.6312	36.1681
483	20.6157	40	40.2917	36.1681
484	21.6644	40	39.6312	36.1681
485	21.6893	40	39.6312	36.1681
